Afghanistan,                        2018,               37171.922,           56.937
Afghanistan,                        2019,               38041.757,           58.269
Afghanistan,                        2020,               38928.341,           59.627
Albania,                            2018,               2882.735,            105.209
Albania,                            2019,               2880.913,            105.143
Albania,                            2020,               2877.8,              105.029
Algeria,                            2018,               42228.415,           17.73
Algeria,                            2019,               43053.054,           18.076
Algeria,                            2020,               43851.043,           18.411
American Samoa,                     2018,               55.461,              277.305
American Samoa,                     2019,               55.312,              276.56
American Samoa,                     2020,               55.197,              275.985
Andorra,                            2018,               77.008,              163.847
Andorra,                            2019,               77.146,              164.14
Andorra,                            2020,               77.265,              164.394
Angola,                             2018,               30809.787,           24.713
Angola,                             2019,               31825.299,           25.528
Angola,                             2020,               32866.268,           26.363
Anguilla,                           2018,               14.738,              163.756
Anguilla,                           2019,               14.872,              165.244
Anguilla,                           2020,               15.002,              166.689
Antigua and Barbuda,                2018,               96.282,              218.823
Antigua and Barbuda,                2019,               97.115,              220.716
Antigua and Barbuda,                2020,               97.928,              222.564
Argentina,                          2018,               44361.15,            16.21
Argentina,                          2019,               44780.675,           16.363
Argentina,                          2020,               45195.777,           16.515
Armenia,                            2018,               2951.741,            103.679
Armenia,                            2019,               2957.728,            103.889
Armenia,                            2020,               2963.234,            104.083
Aruba,                              2018,               105.846,             588.033
Aruba,                              2019,               106.31,              590.611
Aruba,                              2020,               106.766,             593.144
Australia,                          2018,               24898.153,           3.241
Australia,                          2019,               25203.2,             3.281
Australia,                          2020,               25499.881,           3.319
Austria,                            2018,               8891.383,            107.893
Austria,                            2019,               8955.108,            108.667
Austria,                            2020,               9006.4,              109.289
Azerbaijan,                         2018,               9949.537,            120.37
Azerbaijan,                         2019,               10047.719,           121.558
Azerbaijan,                         2020,               10139.175,           122.664
Bahamas,                            2018,               385.635,             38.525
Bahamas,                            2019,               389.486,             38.91
Bahamas,                            2020,               393.248,             39.286
Bahrain,                            2018,               1569.44,             2065.053
Bahrain,                            2019,               1641.164,            2159.426
Bahrain,                            2020,               1701.583,            2238.925
Bangladesh,                         2018,               161376.713,          1239.738
Bangladesh,                         2019,               163046.173,          1252.563
Bangladesh,                         2020,               164689.383,          1265.187
Barbados,                           2018,               286.64,              666.605
Barbados,                           2019,               287.021,             667.491
Barbados,                           2020,               287.371,             668.305
Belarus,                            2018,               9452.615,            46.585
Belarus,                            2019,               9452.409,            46.584
Belarus,                            2020,               9449.321,            46.569
Belgium,                            2018,               11482.18,            379.2
Belgium,                            2019,               11539.326,           381.087
Belgium,                            2020,               11589.616,           382.748
Belize,                             2018,               383.071,             16.794
Belize,                             2019,               390.351,             17.113
Belize,                             2020,               397.621,             17.432
Benin,                              2018,               11485.035,           101.854
Benin,                              2019,               11801.151,           104.657
Benin,                              2020,               12123.198,           107.513
Bermuda,                            2018,               62.763,              1255.26
Bermuda,                            2019,               62.508,              1250.16
Bermuda,                            2020,               62.273,              1245.46
Bhutan,                             2018,               754.396,             19.792
Bhutan,                             2019,               763.094,             20.02
Bhutan,                             2020,               771.612,             20.243
Bolivia, 			                2018,               11353.14,            10.48
Bolivia,         		            2019,               11513.102,           10.628
Bolivia,            	            2020,               11673.029,           10.775
Bonaire Sint Eustatius and Saba,    2018,               25.709,              78.381
Bonaire Sint Eustatius and Saba,    2019,               25.983,              79.216
Bonaire Sint Eustatius and Saba,    2020,               26.221,              79.942
Bosnia and Herzegovina,             2018,               3323.929,            65.175
Bosnia and Herzegovina,             2019,               3300.998,            64.725
Bosnia and Herzegovina,             2020,               3280.815,            64.33
Botswana,                           2018,               2254.067,            3.977
Botswana,                           2019,               2303.703,            4.065
Botswana,                           2020,               2351.625,            4.149
Brazil,                             2018,               209469.32,           25.062
Brazil,                             2019,               211049.519,          25.251
Brazil,                             2020,               212559.409,          25.431
British Virgin Islands,             2018,               29.795,              198.633
British Virgin Islands,             2019,               30.033,              200.22
British Virgin Islands,             2020,               30.237,              201.58
Brunei,                             2018,               428.96,              81.397
Brunei,                             2019,               433.296,             82.219
Brunei,                             2020,               437.483,             83.014
Bulgaria,                           2018,               7051.61,             64.956
Bulgaria,                           2019,               7000.117,            64.482
Bulgaria,                           2020,               6948.445,            64.006
Burkina Faso,                       2018,               19751.466,           72.191
Burkina Faso,                       2019,               20321.383,           74.274
Burkina Faso,                       2020,               20903.278,           76.401
Burundi,                            2018,               11175.379,           435.178
Burundi,                            2019,               11530.577,           449.01
Burundi,                            2020,               11890.781,           463.037
Cabo Verde,                         2018,               543.764,             134.929
Cabo Verde,                         2019,               549.936,             136.461
Cabo Verde,                         2020,               555.988,             137.962
Cambodia,                           2018,               16249.795,           92.056
Cambodia,                           2019,               16486.542,           93.398
Cambodia,                           2020,               16718.971,           94.714
Cameroon,                           2018,               25216.261,           53.344
Cameroon,                           2019,               25876.387,           54.741
Cameroon,                           2020,               26545.864,           56.157
Canada,                             2018,               37074.558,           4.077
Canada,                             2019,               37411.038,           4.114
Canada,                             2020,               37742.157,           4.15
Cayman Islands,                     2018,               64.172,              267.383
Cayman Islands,                     2019,               64.948,              270.617
Cayman Islands,                     2020,               65.72,               273.833
Central African Republic,           2018,               4666.375,            7.49
Central African Republic,           2019,               4745.179,            7.617
Central African Republic,           2020,               4829.764,            7.753
Chad,                               2018,               15477.727,           12.292
Chad,                               2019,               15946.882,           12.664
Chad,                               2020,               16425.859,           13.045
Channel Islands,                    2018,               170.496,             897.347
Channel Islands,                    2019,               172.264,             906.653
Channel Islands,                    2020,               173.859,             915.047
Chile,                              2018,               18729.166,           25.189
Chile,                              2019,               18952.035,           25.489
Chile,                              2020,               19116.209,           25.71
China,                              2018,               1427647.789,         152.068
China,                              2019,               1433783.692,         152.722
China,                              2020,               1439323.774,         153.312
Hong Kong,             	    	    2018,               7371.728,            7020.693
Hong Kong,                          2019,               7436.157,            7082.054
Hong Kong,                          2020,               7496.988,            7139.989
Macao,                              2018,               631.633,             21124.849
Macao,              	            2019,               640.446,             21419.599
Macao,                              2020,               649.342,             21717.124
Taiwan,    		               	    2018,               23726.46,            670.05
Taiwan,    		               	    2019,               23773.881,           671.389
Taiwan,   		            	    2020,               23816.775,           672.6
Colombia,                           2018,               49661.056,           44.76
Colombia,                           2019,               50339.443,           45.371
Colombia,                           2020,               50882.884,           45.861
Comoros,                            2018,               832.322,             447.244
Comoros,                            2019,               850.891,             457.222
Comoros,                            2020,               869.595,             467.273
Congo,                              2018,               5244.363,            15.357
Congo,                              2019,               5380.504,            15.756
Congo,                              2020,               5518.092,            16.158
Cook Islands,                       2018,               17.519,              72.996
Cook Islands,                       2019,               17.547,              73.112
Cook Islands,                       2020,               17.564,              73.183
Costa Rica,                         2018,               4999.443,            97.913
Costa Rica,                         2019,               5047.561,            98.855
Costa Rica,                         2020,               5094.114,            99.767
Croatia,                            2018,               4156.407,            74.275
Croatia,                            2019,               4130.299,            73.808
Croatia,                            2020,               4105.268,            73.361
Cuba,                               2018,               11338.146,           106.521
Cuba,                               2019,               11333.484,           106.478
Cuba,                               2020,               11326.616,           106.413
Curacao,                            2018,               162.753,             366.561
Curacao,                            2019,               163.423,             368.07
Curacao,                            2020,               164.1,               369.595
Cyprus,                             2018,               1189.262,            128.708
Cyprus,                             2019,               1198.574,            129.716
Cyprus,                             2020,               1207.361,            130.667
Czech Republic,                     2018,               10665.679,           138.085
Czech Republic,                     2019,               10689.213,           138.39
Czech Republic,                     2020,               10708.982,           138.646
Cote d'Ivoire,                      2018,               25069.226,           78.834
Cote d'Ivoire,                      2019,               25716.554,           80.87
Cote d'Ivoire,                      2020,               26378.275,           82.951
North Korea,    		            2018,               25549.606,           212.188
North Korea,    		            2019,               25666.158,           213.156
North Korea,    	                2020,               25778.815,           214.092
Democratic Republic of the Congo,   2018,               84068.092,           37.083
Democratic Republic of the Congo,   2019,               86790.568,           38.283
Democratic Republic of the Congo,   2020,               89561.404,           39.506
Denmark,                            2018,               5752.131,            135.568
Denmark,                            2019,               5771.877,            136.033
Denmark,                            2020,               5792.203,            136.512
Djibouti,                           2018,               958.923,             41.369
Djibouti,                           2019,               973.557,             42
Djibouti,                           2020,               988.002,             42.623
Dominica,                           2018,               71.626,              95.501
Dominica,                           2019,               71.808,              95.744
Dominica,                           2020,               71.991,              95.988
Dominican Republic,                 2018,               10627.147,           219.933
Dominican Republic,                 2019,               10738.957,           222.247
Dominican Republic,                 2020,               10847.904,           224.501
Ecuador,                            2018,               17084.359,           68.789
Ecuador,                            2019,               17373.657,           69.954
Ecuador,                            2020,               17643.06,            71.038
Egypt,                              2018,               98423.602,           98.873
Egypt,                              2019,               100388.076,          100.847
Egypt,                              2020,               102334.403,          102.802
El Salvador,                        2018,               6420.74,             309.881
El Salvador,                        2019,               6453.55,             311.465
El Salvador,                        2020,               6486.201,            313.041
Equatorial Guinea,                  2018,               1308.966,            46.665
Equatorial Guinea,                  2019,               1355.982,            48.342
Equatorial Guinea,                  2020,               1402.985,            50.017
Eritrea,                            2018,               3452.797,            34.186
Eritrea,                            2019,               3497.117,            34.625
Eritrea,                            2020,               3546.427,            35.113
Estonia,                            2018,               1322.913,            31.208
Estonia,                            2019,               1325.649,            31.273
Estonia,                            2020,               1326.539,            31.294
Eswatini,                           2018,               1136.274,            66.062
Eswatini,                           2019,               1148.133,            66.752
Eswatini,                           2020,               1160.164,            67.451
Ethiopia,                           2018,               109224.41,           109.224
Ethiopia,                           2019,               112078.727,          112.079
Ethiopia,                           2020,               114963.583,          114.964
Falkland Islands,        	        2018,               3.236,               0.266
Falkland Islands,                   2019,               3.372,               0.277
Falkland Islands,                   2020,               3.483,               0.286
Faroe Islands,                      2018,               48.497,              34.74
Faroe Islands,                      2019,               48.677,              34.869
Faroe Islands,                      2020,               48.865,              35.004
Fiji,                               2018,               883.49,              48.357
Fiji,                               2019,               889.955,             48.711
Fiji,                               2020,               896.444,             49.066
Finland,                            2018,               5522.585,            18.173
Finland,                            2019,               5532.159,            18.204
Finland,                            2020,               5540.718,            18.233
France,                             2018,               64990.512,           118.692
France,                             2019,               65129.731,           118.946
France,                             2020,               65273.512,           119.209
French Guiana,                      2018,               282.936,             3.442
French Guiana,                      2019,               290.823,             3.538
French Guiana,                      2020,               298.682,             3.634
French Polynesia,                   2018,               277.673,             75.867
French Polynesia,                   2019,               279.285,             76.307
French Polynesia,                   2020,               280.904,             76.75
Gabon,                              2018,               2119.275,            8.225
Gabon,                              2019,               2172.578,            8.432
Gabon,                              2020,               2225.728,            8.638
Gambia,                             2018,               2280.092,            225.306
Gambia,                             2019,               2347.696,            231.986
Gambia,                             2020,               2416.664,            238.801
Georgia,                            2018,               4002.946,            57.605
Georgia,                            2019,               3996.762,            57.516
Georgia,                            2020,               3989.175,            57.406
Germany,                            2018,               83124.413,           238.479
Germany,                            2019,               83517.046,           239.606
Germany,                            2020,               83783.945,           240.372
Ghana,                              2018,               29767.108,           130.821
Ghana,                              2019,               30417.858,           133.681
Ghana,                              2020,               31072.945,           136.56
Gibraltar,                          2018,               33.715,              3371.5
Gibraltar,                          2019,               33.706,              3370.6
Gibraltar,                          2020,               33.691,              3369.1
Greece,                             2018,               10522.244,           81.631
Greece,                             2019,               10473.452,           81.253
Greece,                             2020,               10423.056,           80.862
Greenland,                          2018,               56.565,              0.138
Greenland,                          2019,               56.66,               0.138
Greenland,                          2020,               56.772,              0.138
Grenada,                            2018,               111.449,             327.791
Grenada,                            2019,               112.002,             329.418
Grenada,                            2020,               112.519,             330.938
Guadeloupe,                         2018,               399.848,             245.607
Guadeloupe,                         2019,               400.048,             245.73
Guadeloupe,                         2020,               400.127,             245.778
Guam,                               2018,               165.77,              306.981
Guam,                               2019,               167.295,             309.806
Guam,                               2020,               168.783,             312.561
Guatemala,                          2018,               17247.855,           160.954
Guatemala,                          2019,               17581.476,           164.068
Guatemala,                          2020,               17915.567,           167.185
Guinea,                             2018,               12414.292,           50.522
Guinea,                             2019,               12771.246,           51.975
Guinea,                             2020,               13132.792,           53.446
Guinea-Bissau,                      2018,               1874.304,            66.654
Guinea-Bissau,                      2019,               1920.917,            68.311
Guinea-Bissau,                      2020,               1967.998,            69.986
Guyana,                             2018,               779.007,             3.957
Guyana,                             2019,               782.775,             3.977
Guyana,                             2020,               786.559,             3.996
Haiti,                              2018,               11123.183,           403.599
Haiti,                              2019,               11263.079,           408.675
Haiti,                              2020,               11402.533,           413.735
Vatican City,                       2018,               0.81,                1840.909
Vatican City,                       2019,               0.815,               1852.273
Vatican City,                       2020,               0.809,               1838.636
Honduras,                           2018,               9587.523,            85.687
Honduras,                           2019,               9746.115,            87.104
Honduras,                           2020,               9904.608,            88.521
Hungary,                            2018,               9707.502,            107.23
Hungary,                            2019,               9684.68,             106.978
Hungary,                            2020,               9660.35,             106.709
Iceland,                            2018,               336.712,             3.359
Iceland,                            2019,               339.037,             3.382
Iceland,                            2020,               341.25,              3.404
India,                              2018,               1352642.283,         454.946
India,                              2019,               1366417.756,         459.58
India,                              2020,               1380004.385,         464.149
Indonesia,                          2018,               267670.549,          147.756
Indonesia,                          2019,               270625.567,          149.387
Indonesia,                          2020,               273523.621,          150.987
Iran,                               2018,               81800.204,           50.229
Iran,                               2019,               82913.893,           50.913
Iran,                               2020,               83992.953,           51.575
Iraq,                               2018,               38433.604,           88.491
Iraq,                               2019,               39309.789,           90.509
Iraq,                               2020,               40222.503,           92.61
Ireland,                            2018,               4818.694,            69.948
Ireland,                            2019,               4882.498,            70.874
Ireland,                            2020,               4937.796,            71.677
Isle of Man,                        2018,               84.073,              147.496
Isle of Man,                        2019,               84.589,              148.402
Isle of Man,                        2020,               85.032,              149.179
Israel,                             2018,               8381.507,            387.315
Israel,                             2019,               8519.373,            393.686
Israel,                             2020,               8655.541,            399.979
Italy,                              2018,               60627.291,           206.117
Italy,                              2019,               60550.092,           205.855
Italy,                              2020,               60461.828,           205.555
Jamaica,                            2018,               2934.853,            270.993
Jamaica,                            2019,               2948.277,            272.232
Jamaica,                            2020,               2961.161,            273.422
Japan,                              2018,               127202.19,           348.925
Japan,                              2019,               126860.299,          347.987
Japan,                              2020,               126476.458,          346.934
Jordan,                             2018,               9965.322,            112.247
Jordan,                             2019,               10101.697,           113.783
Jordan,                             2020,               10203.14,            114.926
Kazakhstan,                         2018,               18319.616,           6.786
Kazakhstan,                         2019,               18551.428,           6.872
Kazakhstan,                         2020,               18776.707,           6.955
Kenya,                              2018,               51392.57,            90.299
Kenya,                              2019,               52573.967,           92.374
Kenya,                              2020,               53771.3,             94.478
Kiribati,                           2018,               115.842,             143.015
Kiribati,                           2019,               117.608,             145.195
Kiribati,                           2020,               119.446,             147.464
Kuwait,                             2018,               4137.314,            232.173
Kuwait,                             2019,               4207.077,            236.087
Kuwait,                             2020,               4270.563,            239.65
Kyrgyzstan,                         2018,               6304.025,            32.868
Kyrgyzstan,                         2019,               6415.851,            33.451
Kyrgyzstan,                         2020,               6524.191,            34.016
Laos,                               2018,               7061.498,            30.596
Laos,                               2019,               7169.456,            31.064
Laos, 				                2020,               7275.556,            31.523
Latvia,                             2018,               1928.461,            31.004
Latvia,                             2019,               1906.74,             30.655
Latvia,                             2020,               1886.202,            30.325
Lebanon,                            2018,               6859.408,            670.519
Lebanon,                            2019,               6855.709,            670.157
Lebanon,                            2020,               6825.442,            667.199
Lesotho,                            2018,               2108.327,            69.444
Lesotho,                            2019,               2125.267,            70.002
Lesotho,                            2020,               2142.252,            70.562
Liberia,                            2018,               4818.976,            50.031
Liberia,                            2019,               4937.374,            51.26
Liberia,                            2020,               5057.677,            52.509
Libya,                              2018,               6678.565,            3.796
Libya,                              2019,               6777.453,            3.852
Libya,                              2020,               6871.287,            3.905
Liechtenstein,                      2018,               37.918,              236.988
Liechtenstein,                      2019,               38.02,               237.625
Liechtenstein,                      2020,               38.137,              238.356
Lithuania,                          2018,               2801.27,             44.696
Lithuania,                          2019,               2759.631,            44.032
Lithuania,                          2020,               2722.291,            43.436
Luxembourg,                         2018,               604.244,             233.299
Luxembourg,                         2019,               615.73,              237.734
Luxembourg,                         2020,               625.976,             241.69
Madagascar,                         2018,               26262.313,           45.14
Madagascar,                         2019,               26969.306,           46.355
Madagascar,                         2020,               27691.019,           47.596
Malawi,                             2018,               18143.215,           192.44
Malawi,                             2019,               18628.749,           197.59
Malawi,                             2020,               19129.955,           202.906
Malaysia,                           2018,               31528.033,           95.961
Malaysia,                           2019,               31949.789,           97.245
Malaysia,                           2020,               32365.998,           98.512
Maldives,                           2018,               515.704,             1719.013
Maldives,                           2019,               530.957,             1769.857
Maldives,                           2020,               540.542,             1801.807
Mali,                               2018,               19077.755,           15.635
Mali,                               2019,               19658.023,           16.111
Mali,                               2020,               20250.834,           16.596
Malta,                              2018,               439.255,             1372.672
Malta,                              2019,               440.377,             1376.178
Malta,                              2020,               441.539,             1379.809
Marshall Islands,                   2018,               58.412,              324.511
Marshall Islands,                   2019,               58.791,              326.617
Marshall Islands,                   2020,               59.194,              328.856
Martinique,                         2018,               375.672,             354.408
Martinique,                         2019,               375.557,             354.299
Martinique,                         2020,               375.265,             354.024
Mauritania,                         2018,               4403.312,            4.272
Mauritania,                         2019,               4525.698,            4.391
Mauritania,                         2020,               4649.66,             4.511
Mauritius,                          2018,               1267.184,            624.229
Mauritius,                          2019,               1269.67,             625.453
Mauritius,                          2020,               1271.767,            626.486
Mayotte,                            2018,               259.526,             692.069
Mayotte,                            2019,               266.153,             709.741
Mayotte,                            2020,               272.813,             727.501
Mexico,                             2018,               126190.782,          64.915
Mexico,                             2019,               127575.529,          65.627
Mexico,                             2020,               128932.753,          66.325
Micronesia,                         2018,               112.64,              160.914
Micronesia,                         2019,               113.811,             162.587
Micronesia,                         2020,               115.021,             164.316
Monaco,                             2018,               38.682,              25961.074
Monaco,                             2019,               38.967,              26152.349
Monaco,                             2020,               39.244,              26338.255
Mongolia,                           2018,               3170.214,            2.041
Mongolia,                           2019,               3225.166,            2.076
Mongolia,                           2020,               3278.292,            2.11
Montenegro,                         2018,               627.803,             46.677
Montenegro,                         2019,               627.988,             46.691
Montenegro,                         2020,               628.062,             46.696
Montserrat,                         2018,               4.993,               49.93
Montserrat,                         2019,               4.991,               49.91
Montserrat,                         2020,               4.999,               49.99
Morocco,                            2018,               36029.089,           80.728
Morocco,                            2019,               36471.766,           81.72
Morocco,                            2020,               36910.558,           82.703
Mozambique,                         2018,               29496.009,           37.509
Mozambique,                         2019,               30366.043,           38.615
Mozambique,                         2020,               31255.435,           39.746
Myanmar,                            2018,               53708.318,           82.212
Myanmar,                            2019,               54045.422,           82.728
Myanmar,                            2020,               54409.794,           83.286
Namibia,                            2018,               2448.3,              2.974
Namibia,                            2019,               2494.524,            3.03
Namibia,                            2020,               2540.916,            3.086
Nauru,                              2018,               10.678,              533.9
Nauru,                              2019,               10.764,              538.2
Nauru,                              2020,               10.834,              541.7
Nepal,                              2018,               28095.712,           195.994
Nepal,                              2019,               28608.715,           199.572
Nepal,                              2020,               29136.808,           203.256
Netherlands,                        2018,               17059.56,            505.918
Netherlands,                        2019,               17097.123,           507.032
Netherlands,                        2020,               17134.873,           508.152
New Caledonia,                      2018,               279.986,             15.317
New Caledonia,                      2019,               282.757,             15.468
New Caledonia,                      2020,               285.491,             15.618
New Zealand,                        2018,               4743.131,            18.013
New Zealand,                        2019,               4783.062,            18.165
New Zealand,                        2020,               4822.233,            18.314
Nicaragua,                          2018,               6465.502,            53.727
Nicaragua,                          2019,               6545.503,            54.392
Nicaragua,                          2020,               6624.554,            55.049
Niger,                              2018,               22442.831,           17.718
Niger,                              2019,               23310.719,           18.403
Niger,                              2020,               24206.636,           19.11
Nigeria,                            2018,               195874.685,          215.065
Nigeria,                            2019,               200963.603,          220.652
Nigeria,                            2020,               206139.587,          226.336
Niue,                               2018,               1.61,                6.192
Niue,                               2019,               1.614,               6.208
Niue,                               2020,               1.618,               6.223
North Macedonia,                    2018,               2082.957,            82.591
North Macedonia,                    2019,               2083.458,            82.611
North Macedonia,                    2020,               2083.38,             82.608
Northern Mariana Islands,           2018,               56.889,              123.672
Northern Mariana Islands,           2019,               57.213,              124.376
Northern Mariana Islands,           2020,               57.557,              125.124
Norway,                             2018,               5337.96,             14.614
Norway,                             2019,               5378.859,            14.726
Norway,                             2020,               5421.242,            14.842
Oman,                               2018,               4829.476,            15.604
Oman,                               2019,               4974.992,            16.074
Oman,                               2020,               5106.622,            16.5
Pakistan,                           2018,               212228.288,          275.307
Pakistan,                           2019,               216565.317,          280.933
Pakistan,                           2020,               220892.331,          286.546
Palau,                              2018,               17.911,              38.937
Palau,                              2019,               18.001,              39.133
Palau,                              2020,               18.092,              39.33
Panama,                             2018,               4176.868,            56.186
Panama,                             2019,               4246.44,             57.122
Panama,                             2020,               4314.768,            58.041
Papua New Guinea,                   2018,               8606.324,            19.004
Papua New Guinea,                   2019,               8776.119,            19.379
Papua New Guinea,                   2020,               8947.027,            19.757
Paraguay,                           2018,               6956.069,            17.508
Paraguay,                           2019,               7044.639,            17.731
Paraguay,                           2020,               7132.53,             17.953
Peru,                               2018,               31989.265,           24.992
Peru,                               2019,               32510.462,           25.399
Peru,                               2020,               32971.846,           25.759
Philippines,                        2018,               106651.394,          357.687
Philippines,                        2019,               108116.622,          362.601
Philippines,                        2020,               109581.085,          367.512
Poland,                             2018,               37921.585,           123.834
Poland,                             2019,               37887.771,           123.723
Poland,                             2020,               37846.605,           123.589
Portugal,                           2018,               10256.192,           111.979
Portugal,                           2019,               10226.178,           111.652
Portugal,                           2020,               10196.707,           111.33
Puerto Rico,                        2018,               3039.598,            342.683
Puerto Rico,                        2019,               2933.404,            330.711
Puerto Rico,                        2020,               2860.84,             322.53
Qatar,                              2018,               2781.682,            239.594
Qatar,                              2019,               2832.071,            243.934
Qatar,                              2020,               2881.06,             248.153
South Korea,                        2018,               51171.7,             526.295
South Korea,                        2019,               51225.321,           526.847
South Korea,                        2020,               51269.183,           527.298
Moldova,                            2018,               4051.95,             123.347
Moldova,                            2019,               4043.258,            123.082
Moldova,                            2020,               4033.963,            122.799
Romania,                            2018,               19506.11,            84.747
Romania,                            2019,               19364.558,           84.132
Romania,                            2020,               19237.682,           83.58
Russia,                             2018,               145734.034,          8.899
Russia,                             2019,               145872.26,           8.907
Russia,                             2020,               145934.46,           8.911
Rwanda,                             2018,               12301.969,           498.661
Rwanda,                             2019,               12626.938,           511.834
Rwanda,                             2020,               12952.209,           525.019
Saint Barthelemy,                   2018,               9.824,               446.545
Saint Barthelemy,                   2019,               9.853,               447.864
Saint Barthelemy,                   2020,               9.885,               449.318
Saint Helena,                       2018,               6.039,               15.485
Saint Helena,                       2019,               6.061,               15.541
Saint Helena,                       2020,               6.071,               15.567
Saint Kitts and Nevis,              2018,               52.438,              201.685
Saint Kitts and Nevis,              2019,               52.834,              203.208
Saint Kitts and Nevis,              2020,               53.192,              204.585
Saint Lucia,                        2018,               181.89,              298.18
Saint Lucia,                        2019,               182.795,             299.664
Saint Lucia,                        2020,               183.629,             301.031
Saint Martin,                       2018,               37.264,              703.094
Saint Martin,                       2019,               38.002,              717.019
Saint Martin,                       2020,               38.659,              729.415
Saint Pierre and Miquelon,          2018,               5.845,               25.413
Saint Pierre and Miquelon,          2019,               5.821,               25.309
Saint Pierre and Miquelon,          2020,               5.795,               25.196
Saint Vincent and the Grenadines,   2018,               110.21,              282.59
Saint Vincent and the Grenadines,   2019,               110.593,             283.572
Saint Vincent and the Grenadines,   2020,               110.947,             284.479
Samoa,                              2018,               196.128,             69.303
Samoa,                              2019,               197.093,             69.644
Samoa,                              2020,               198.41,              70.11
San Marino,                         2018,               33.784,              563.067
San Marino,                         2019,               33.864,              564.4
San Marino,                         2020,               33.938,              565.633
Sao Tome and Principe,              2018,               211.032,             219.825
Sao Tome and Principe,              2019,               215.048,             224.008
Sao Tome and Principe,              2020,               219.161,             228.293
Saudi Arabia,                       2018,               33702.757,           15.678
Saudi Arabia,                       2019,               34268.529,           15.941
Saudi Arabia,                       2020,               34813.867,           16.195
Senegal,                            2018,               15854.324,           82.347
Senegal,                            2019,               16296.362,           84.643
Senegal,                            2020,               16743.93,            86.968
Serbia,                             2018,               8802.741,            100.649
Serbia,                             2019,               8772.228,            100.3
Serbia,                             2020,               8737.37,             99.901
Seychelles,                         2018,               97.094,              211.074
Seychelles,                         2019,               97.741,              212.48
Seychelles,                         2020,               98.34,               213.783
Sierra Leone,                       2018,               7650.149,            105.987
Sierra Leone,                       2019,               7813.207,            108.246
Sierra Leone,                       2020,               7976.985,            110.515
Singapore,                          2018,               5757.503,            8225.004
Singapore,                          2019,               5804.343,            8291.919
Singapore,                          2020,               5850.343,            8357.633
Sint Maarten,                       2018,               41.936,              1233.412
Sint Maarten,                       2019,               42.389,              1246.735
Sint Maarten,                       2020,               42.882,              1261.235
Slovakia,                           2018,               5453.017,            113.397
Slovakia,                           2019,               5457.012,            113.48
Slovakia,                           2020,               5459.643,            113.534
Slovenia,                           2018,               2077.836,            103.17
Slovenia,                           2019,               2078.654,            103.21
Slovenia,                           2020,               2078.932,            103.224
Solomon Islands,                    2018,               652.856,             23.325
Solomon Islands,                    2019,               669.821,             23.931
Solomon Islands,                    2020,               686.878,             24.54
Somalia,                            2018,               15008.225,           23.924
Somalia,                            2019,               15442.906,           24.616
Somalia,                            2020,               15893.219,           25.334
South Africa,                       2018,               57792.52,            47.641
South Africa,                       2019,               58558.267,           48.272
South Africa,                       2020,               59308.69,            48.891
South Sudan,                        2018,               10975.924,           17.965
South Sudan,                        2019,               11062.114,           18.106
South Sudan,                        2020,               11193.729,           18.322
Spain,                              2018,               46692.863,           93.61
Spain,                              2019,               46736.782,           93.698
Spain,                              2020,               46754.783,           93.735
Sri Lanka,                          2018,               21228.76,            338.523
Sri Lanka,                          2019,               21323.734,           340.037
Sri Lanka,                          2020,               21413.25,            341.465
Palestine,                          2018,               4862.978,            807.804
Palestine,                          2019,               4981.422,            827.479
Palestine,                          2020,               5101.416,            847.411
Sudan,                              2018,               41801.532,           23.683
Sudan,                              2019,               42813.237,           24.256
Sudan,                              2020,               43849.269,           24.843
Suriname,                           2018,               575.987,             3.692
Suriname,                           2019,               581.363,             3.727
Suriname,                           2020,               586.634,             3.76
Sweden,                             2018,               9971.63,             24.301
Sweden,                             2019,               10036.391,           24.459
Sweden,                             2020,               10099.27,            24.612
Switzerland,                        2018,               8525.614,            215.751
Switzerland,                        2019,               8591.361,            217.415
Switzerland,                        2020,               8654.618,            219.016
Syria,                              2018,               16945.062,           92.278
Syria,                              2019,               17070.132,           92.959
Syria,                              2020,               17500.657,           95.304
Tajikistan,                         2018,               9100.847,            65.025
Tajikistan,                         2019,               9321.023,            66.598
Tajikistan,                         2020,               9537.642,            68.145
Thailand,                           2018,               69428.454,           135.897
Thailand,                           2019,               69625.581,           136.283
Thailand,                           2020,               69799.978,           136.624
Timor-Leste,                        2018,               1267.975,            85.271
Timor-Leste,                        2019,               1293.12,             86.962
Timor-Leste,                        2020,               1318.442,            88.665
Togo,                               2018,               7889.095,            145.047
Togo,                               2019,               8082.359,            148.6
Togo,                               2020,               8278.737,            152.211
Tokelau,                            2018,               1.318,               131.8
Tokelau,                            2019,               1.33,                133
Tokelau,                            2020,               1.35,                135
Tonga,                              2018,               103.199,             143.332
Tonga,                              2019,               104.497,             145.135
Tonga,                              2020,               105.697,             146.801
Trinidad and Tobago,                2018,               1389.841,            270.924
Trinidad and Tobago,                2019,               1394.969,            271.924
Trinidad and Tobago,                2020,               1399.491,            272.805
Tunisia,                            2018,               11565.203,           74.441
Tunisia,                            2019,               11694.721,           75.275
Tunisia,                            2020,               11818.618,           76.072
Turkey,                             2018,               82340.09,            106.987
Turkey,                             2019,               83429.607,           108.402
Turkey,                             2020,               84339.067,           109.584
Turkmenistan,                       2018,               5850.902,            12.451
Turkmenistan,                       2019,               5942.094,            12.645
Turkmenistan,                       2020,               6031.187,            12.834
Turks and Caicos Islands,           2018,               37.667,              39.649
Turks and Caicos Islands,           2019,               38.194,              40.204
Turks and Caicos Islands,           2020,               38.718,              40.756
Tuvalu,                             2018,               11.505,              383.5
Tuvalu,                             2019,               11.655,              388.5
Tuvalu,                             2020,               11.792,              393.067
Uganda,                             2018,               42729.032,           213.848
Uganda,                             2019,               44269.587,           221.558
Uganda,                             2020,               45741,               228.922
Ukraine,                            2018,               44246.158,           76.376
Ukraine,                            2019,               43993.643,           75.94
Ukraine,                            2020,               43733.759,           75.492
United Arab Emirates,               2018,               9630.966,            115.203
United Arab Emirates,               2019,               9770.526,            116.872
United Arab Emirates,               2020,               9890.4,              118.306
United Kingdom,                     2018,               67141.678,           277.525
United Kingdom,                     2019,               67530.161,           279.131
United Kingdom,                     2020,               67886.004,           280.602
Tanzania,                           2018,               56313.444,           63.574
Tanzania,                           2019,               58005.461,           65.484
Tanzania,                           2020,               59734.213,           67.435
United States Virgin Islands,       2018,               104.672,             299.063
United States Virgin Islands,       2019,               104.579,             298.797
United States Virgin Islands,       2020,               104.423,             298.351
United States of America,           2018,               327096.263,          35.758
United States of America,           2019,               329064.917,          35.974
United States of America,           2020,               331002.647,          36.185
Uruguay,                            2018,               3449.29,             19.708
Uruguay,                            2019,               3461.731,            19.779
Uruguay,                            2020,               3473.727,            19.848
Uzbekistan,                         2018,               32476.232,           76.343
Uzbekistan,                         2019,               32981.715,           77.531
Uzbekistan,                         2020,               33469.199,           78.677
Vanuatu,                            2018,               292.675,             24.009
Vanuatu,                            2019,               299.882,             24.601
Vanuatu,                            2020,               307.15,              25.197
Venezuela,                          2018,               28887.117,           32.75
Venezuela,                          2019,               28515.829,           32.329
Venezuela,                          2020,               28435.943,           32.238
Vietnam,                            2018,               95545.959,           308.143
Vietnam,                            2019,               96462.108,           311.098
Vietnam,                            2020,               97338.583,           313.925
Wallis and Futuna Islands,          2018,               11.653,              83.236
Wallis and Futuna Islands,          2019,               11.436,              81.686
Wallis and Futuna Islands,          2020,               11.246,              80.329
Western Sahara,                     2018,               567.396,             2.133
Western Sahara,                     2019,               582.458,             2.19
Western Sahara,                     2020,               597.33,              2.246
Yemen,                              2018,               28498.683,           53.978
Yemen,                              2019,               29161.922,           55.234
Yemen,                              2020,               29825.968,           56.492
Zambia,                             2018,               17351.714,           23.341
Zambia,                             2019,               17861.034,           24.026
Zambia,                             2020,               18383.956,           24.73
Zimbabwe,                           2018,               14438.812,           37.324
Zimbabwe,                           2019,               14645.473,           37.858
Zimbabwe,                           2020,               14862.927,           38.42
